f(x)=1239.9947872702657605
BrLen0=9.9999999999999995475e-07
BrLen1=9.9999999999999995475e-07
BrLen2=9.9999999999999995475e-07
BrLen3=9.9999999999999995475e-07
BrLen4=0.01009449796969242967
BrLen5=9.9999999999999995475e-07
BrLen6=9.9999999999999995475e-07
BrLen7=9.9999999999999995475e-07
BrLen8=9.9999999999999995475e-07
BrLen9=0.0079146435751045324247
BrLen10=0.0079278516853988779262
BrLen11=0.0403976739360714307
BrLen12=9.9999999999999995475e-07
BrLen13=0.04022175761620777612
BrLen14=0.0080211489792853096076
BrLen15=9.9999999999999995475e-07
BrLen16=9.9999999999999995475e-07
BrLen17=9.9999999999999995475e-07
BrLen18=0.0078427085547019270706
BrLen19=0.010014898887898478208
BrLen20=9.9999999999999995475e-07
BrLen21=9.9999999999999995475e-07
BrLen22=0.0078515938570905049326
BrLen23=9.9999999999999995475e-07
BrLen24=9.9999999999999995475e-07
BrLen25=0.0099974698243112409407
BrLen26=9.9999999999999995475e-07
BrLen27=0.0078596297807573978905
BrLen28=9.9999999999999995475e-07
BrLen29=0.0078788520846762889749
BrLen30=0.015840854010478588182
BrLen31=0.015866974571590187343
BrLen32=9.9999999999999995475e-07
BrLen33=0.0079048427212662242952
BrLen34=0.0079381534612269297885
BrLen35=9.9999999999999995475e-07
BrLen36=0.010245597751532307257
BrLen37=9.9999999999999995475e-07
BrLen38=0.007944376059591327921
BrLen39=0.015982102853515721408
BrLen40=9.9999999999999995475e-07
BrLen41=0.015948928824636422752
BrLen42=0.03262410595092168214
BrLen43=0.0242236324914371845
BrLen44=0.0080599768528273278007
BrLen45=0.0079735550873500371516
BrLen46=9.9999999999999995475e-07
BrLen47=0.024019810286854622466
BrLen48=9.9999999999999995475e-07
BrLen49=0.010109533903318075262
BrLen50=9.9999999999999995475e-07
BrLen51=0.057412675452385805719
BrLen52=0.056787311985259131264
BrLen53=0.099905401827250148172
BrLen54=0.056786672077053963748
BrLen55=0.092143481530923304623
BrLen56=0.35754049378530150527
root.1_Full.theta=0.64977440192294066978
root.1_Full.theta1=0.62939512022378185652
root.1_Full.theta2=0.57797059164603703518
root.2_Full.theta=0.37552082742151698946
root.2_Full.theta1=0.52647477063491299187
root.2_Full.theta2=0.46819397185087840985
root.3_Full.theta=0.78574688805628556398
root.3_Full.theta1=0.43667003382281854851
root.3_Full.theta2=0.51469191413032511218
YNGP_M1.1_Full.theta_1=0.43192817907032937663
YNGP_M1.1_Full.theta1_1=0.67789921296771671333
YNGP_M1.1_Full.theta2_1=0.47200541501904874631
YNGP_M1.2_Full.theta_1=0.60253424306699965296
YNGP_M1.2_Full.theta1_1=0.51766892368293027094
YNGP_M1.2_Full.theta2_1=0.35919741534913973702
YNGP_M1.3_Full.theta_1=0.65013963579000932924
YNGP_M1.3_Full.theta1_1=0.44640300734290611073
YNGP_M1.3_Full.theta2_1=0.57362409710864725731
YNGP_M1.kappa_1=2.080822305337862943
YNGP_M1.p0_1=0.95929939419697096703
YNGP_M1.omega_1=0.039422565697176135957
