f(x)=3035.3774566937681811
BrLen0=9.9999999999999995475e-07
BrLen1=0.0033271491541231839988
BrLen2=0.0033271412064565485112
BrLen3=9.9999999999999995475e-07
BrLen4=0.0031630943937789313125
BrLen5=0.016759809902071983595
BrLen6=9.9999999999999995475e-07
BrLen7=9.9999999999999995475e-07
BrLen8=0.006668398787320361544
BrLen9=9.9999999999999995475e-07
BrLen10=0.012190749760508550956
BrLen11=9.9999999999999995475e-07
BrLen12=9.9999999999999995475e-07
BrLen13=9.9999999999999995475e-07
BrLen14=0.0066672017276695593607
BrLen15=0.0068603903759397273296
BrLen16=9.9999999999999995475e-07
BrLen17=9.9999999999999995475e-07
BrLen18=0.0040516804541269801562
BrLen19=0.000655032853878999787
BrLen20=0.0026904360371142058486
BrLen21=9.9999999999999995475e-07
BrLen22=9.9999999999999995475e-07
BrLen23=0.010392985633299026485
BrLen24=0.020238897054594803121
BrLen25=9.9999999999999995475e-07
BrLen26=0.013326571459946028042
BrLen27=0.016853984988458407812
BrLen28=0.042615123080430250546
BrLen29=0.032301041035712275973
BrLen30=0.04100540770957106923
BrLen31=9.9999999999999995475e-07
BrLen32=9.9999999999999995475e-07
BrLen33=0.0099431045430586166567
BrLen34=9.9999999999999995475e-07
BrLen35=9.9999999999999995475e-07
BrLen36=0.0034311754955136859226
BrLen37=0.0085287576038586294241
BrLen38=0.0033226960911688307142
BrLen39=9.9999999999999995475e-07
BrLen40=9.9999999999999995475e-07
BrLen41=9.9999999999999995475e-07
BrLen42=0.015104505035347470451
BrLen43=0.015406893949030931595
BrLen44=0.0071560568224600575732
BrLen45=0.010938926435164303755
BrLen46=0.023891023449825264657
BrLen47=9.9999999999999995475e-07
BrLen48=9.9999999999999995475e-07
BrLen49=0.04063827849308528084
BrLen50=0.0040574766218755284677
BrLen51=9.9999999999999995475e-07
BrLen52=0.032346968023494543365
BrLen53=0.056851320139330509262
BrLen54=0.003638906421093370154
BrLen55=0.059112944934265679309
BrLen56=0.010033625653211482309
BrLen57=0.039099113314253766682
BrLen58=0.071291166325592306152
BrLen59=0.14681921608814238467
BrLen60=0.11339409148192611254
BrLen61=0.096660040379055553461
BrLen62=0.16371852985588997154
BrLen63=9.9999999999999995475e-07
BrLen64=9.9999999999999995475e-07
root.1_Full.theta=0.55452055634911956439
root.1_Full.theta1=0.64081492847691168269
root.1_Full.theta2=0.66024842298004637886
root.2_Full.theta=0.41445931907829908214
root.2_Full.theta1=0.50288773686713594824
root.2_Full.theta2=0.46417777529934090008
root.3_Full.theta=0.62771283612116957062
root.3_Full.theta1=0.48294626487580316621
root.3_Full.theta2=0.47593234931817729461
YN98.kappa_1=3.306315865238502294
YN98.omega_1=0.053357423470260928466
YN98.1_Full.theta_1=0.50994118123429754696
YN98.1_Full.theta1_1=0.52743836600892457511
YN98.1_Full.theta2_1=0.48254278880045459177
YN98.2_Full.theta_1=0.5479871582169916211
YN98.2_Full.theta1_1=0.60339860100229303352
YN98.2_Full.theta2_1=0.33631176397739531714
YN98.3_Full.theta_1=0.57516125909770232649
YN98.3_Full.theta1_1=0.50273921043668490238
YN98.3_Full.theta2_1=0.46031626123419649987
