f(x)=1864.2463161906769074
BrLen0=9.9999999999999995475e-07
BrLen1=9.9999999999999995475e-07
BrLen2=9.9999999999999995475e-07
BrLen3=9.9999999999999995475e-07
BrLen4=9.9999999999999995475e-07
BrLen5=9.9999999999999995475e-07
BrLen6=0.0062418871745877034518
BrLen7=9.9999999999999995475e-07
BrLen8=0.00057818812555164057765
BrLen9=9.9999999999999995475e-07
BrLen10=0.0056708022481604825754
BrLen11=0.0062411809809337697938
BrLen12=9.9999999999999995475e-07
BrLen13=0.012630928049869904681
BrLen14=9.9999999999999995475e-07
BrLen15=9.9999999999999995475e-07
BrLen16=0.012713813805016857886
BrLen17=0.0062885431457564717334
BrLen18=0.012598415388285951963
BrLen19=9.9999999999999995475e-07
BrLen20=0.0062627591011532139642
BrLen21=9.9999999999999995475e-07
BrLen22=0.012541608377958346141
BrLen23=9.9999999999999995475e-07
BrLen24=0.0062887090686584937865
BrLen25=9.9999999999999995475e-07
BrLen26=9.9999999999999995475e-07
BrLen27=9.9999999999999995475e-07
BrLen28=9.9999999999999995475e-07
BrLen29=9.9999999999999995475e-07
BrLen30=0.0062340404467608953598
BrLen31=0.018892089128656162911
BrLen32=0.0062485122154556154914
BrLen33=9.9999999999999995475e-07
BrLen34=0.03295765479090459471
BrLen35=9.9999999999999995475e-07
BrLen36=9.9999999999999995475e-07
BrLen37=0.025182441630808686389
BrLen38=0.018868286589050500823
BrLen39=0.0062174900530385475081
BrLen40=9.9999999999999995475e-07
BrLen41=9.9999999999999995475e-07
BrLen42=9.9999999999999995475e-07
BrLen43=9.9999999999999995475e-07
BrLen44=0.025005983463775222075
BrLen45=0.00070351145838460661924
BrLen46=9.9999999999999995475e-07
BrLen47=9.9999999999999995475e-07
BrLen48=9.9999999999999995475e-07
BrLen49=0.0047716372129496895799
BrLen50=9.9999999999999995475e-07
BrLen51=0.00071036721297311445581
BrLen52=9.9999999999999995475e-07
BrLen53=9.9999999999999995475e-07
BrLen54=9.9999999999999995475e-07
BrLen55=0.0062228300747126322895
BrLen56=9.9999999999999995475e-07
BrLen57=9.9999999999999995475e-07
BrLen58=9.9999999999999995475e-07
BrLen59=0.0062228323989430203017
BrLen60=9.9999999999999995475e-07
BrLen61=0.025151865974069643334
BrLen62=9.9999999999999995475e-07
BrLen63=0.011775822181274040942
BrLen64=0.050382753084623213558
BrLen65=0.066973376560997388562
BrLen66=0.034841419271533356772
BrLen67=9.9999999999999995475e-07
BrLen68=9.9999999999999995475e-07
BrLen69=0.062499969465982005423
BrLen70=0.013731189823651476431
BrLen71=0.041596207596406711837
BrLen72=0.16626214852898432706
BrLen73=0.23436562886639952796
BrLen74=0.044128685862337271861
BrLen75=0.28319767744268092846
BrLen76=0.36384633996656828847
BrLen77=0.040296448606847466711
BrLen78=9.9999999999999995475e-07
root.1_Full.theta=0.61668500713076168651
root.1_Full.theta1=0.62393109160827275872
root.1_Full.theta2=0.53694525761891431781
root.2_Full.theta=0.40712406892560254468
root.2_Full.theta1=0.51915669286172627661
root.2_Full.theta2=0.60800843201459020548
root.3_Full.theta=0.79636378741413915705
root.3_Full.theta1=0.48617752795743729433
root.3_Full.theta2=0.49064800417435744384
YN98.kappa_1=3.0852899726196225672
YN98.omega_1=0.14999403257855750682
YN98.1_Full.theta_1=0.52280473092703005911
YN98.1_Full.theta1_1=0.6540194445191778172
YN98.1_Full.theta2_1=0.44021342275368802177
YN98.2_Full.theta_1=0.56351103601456042913
YN98.2_Full.theta1_1=0.69524704623302335804
YN98.2_Full.theta2_1=0.44075313840893992623
YN98.3_Full.theta_1=0.6516746196687602799
YN98.3_Full.theta1_1=0.4384688686430851523
YN98.3_Full.theta2_1=0.45248896123527632129
