f(x)=3575.8895718567578115
BrLen0=9.9999999999999995475e-07
BrLen1=0.0049278736110820566332
BrLen2=9.9999999999999995475e-07
BrLen3=0.0074119683371831378629
BrLen4=0.0024657469248406528421
BrLen5=0.0049298095958719839738
BrLen6=0.0024607896263435305451
BrLen7=0.0074272579705224163818
BrLen8=0.012633618721380083377
BrLen9=0.011858210001781650453
BrLen10=0.011524237351425431833
BrLen11=0.0055990917932885681321
BrLen12=0.0024637687742424191698
BrLen13=0.0080096263425564022398
BrLen14=0.0036663098255686641866
BrLen15=0.011446884387848129533
BrLen16=0.04518185365434380929
BrLen17=0.021295418455087779946
BrLen18=0.0027685231162699421893
BrLen19=0.0024630560777731524275
BrLen20=9.9999999999999995475e-07
BrLen21=9.9999999999999995475e-07
BrLen22=9.9999999999999995475e-07
BrLen23=9.9999999999999995475e-07
BrLen24=0.0049349901713924585953
BrLen25=9.9999999999999995475e-07
BrLen26=9.9999999999999995475e-07
BrLen27=0.009898198665082694192
BrLen28=0.031412349758156946078
BrLen29=0.002357121589299407665
BrLen30=0.028942193459244858894
BrLen31=0.020367638537377944635
BrLen32=0.026238770125225352459
BrLen33=0.091817756399129354938
BrLen34=0.035069159822062927201
BrLen35=0.023212960466568309525
BrLen36=0.0057319924060138692165
BrLen37=0.047502627999264801506
BrLen38=0.10704425767917478962
BrLen39=0.11229963473434641241
BrLen40=0.2114057519009651942
root.1_Full.theta=0.67832343658812510601
root.1_Full.theta1=0.53572818503132391132
root.1_Full.theta2=0.60010404272296713479
root.2_Full.theta=0.49518252967701881229
root.2_Full.theta1=0.52519054507399354215
root.2_Full.theta2=0.46542126286513929578
root.3_Full.theta=0.91518246535335945335
root.3_Full.theta1=0.68653691848168030276
root.3_Full.theta2=0.49734826925398389896
YNGP_M8.1_Full.theta_1=0.48954646691734776676
YNGP_M8.1_Full.theta1_1=0.49154214363659820552
YNGP_M8.1_Full.theta2_1=0.46774775904417187355
YNGP_M8.2_Full.theta_1=0.5975324966873321042
YNGP_M8.2_Full.theta1_1=0.5844731039415820284
YNGP_M8.2_Full.theta2_1=0.36421655814129344497
YNGP_M8.3_Full.theta_1=0.64452948032320511729
YNGP_M8.3_Full.theta1_1=0.44642542003794855043
YNGP_M8.3_Full.theta2_1=0.37908697368588056831
YNGP_M8.kappa_1=2.5714062122812553213
YNGP_M8.p_1=0.00010000000000000000479
YNGP_M8.q_1=3.5662897809832192486
YNGP_M8.p0_1=0.92106598649357884767
YNGP_M8.omegas_1=1.0000000000010000889
