f(x)=3421.1453482942793016
BrLen0=9.9999999999999995475e-07
BrLen1=9.9999999999999995475e-07
BrLen2=9.9999999999999995475e-07
BrLen3=9.9999999999999995475e-07
BrLen4=9.9999999999999995475e-07
BrLen5=9.9999999999999995475e-07
BrLen6=0.006518779196045181544
BrLen7=0.0065168248476923538656
BrLen8=0.0031418301850977916646
BrLen9=9.9999999999999995475e-07
BrLen10=9.9999999999999995475e-07
BrLen11=9.9999999999999995475e-07
BrLen12=9.9999999999999995475e-07
BrLen13=9.9999999999999995475e-07
BrLen14=0.010497152248319364248
BrLen15=9.9999999999999995475e-07
BrLen16=9.9999999999999995475e-07
BrLen17=9.9999999999999995475e-07
BrLen18=0.0031479770973735837422
BrLen19=0.014851081018319641294
BrLen20=0.012258536478407381851
BrLen21=0.01417635201641105451
BrLen22=0.010897939554981528332
BrLen23=0.025867817898699810297
BrLen24=0.0038534306962469374105
BrLen25=0.032452948587850603823
BrLen26=0.0074320077670990952051
BrLen27=0.0542899175142436477
BrLen28=0.062921402145074384338
BrLen29=0.032528243024710093434
BrLen30=0.044811692123394294973
BrLen31=0.014616222470742859518
BrLen32=0.0099930947442829140548
BrLen33=0.10949133766723781469
BrLen34=9.9999999999999995475e-07
BrLen35=0.0031406418522816614836
BrLen36=0.012652740031293657763
BrLen37=9.9999999999999995475e-07
BrLen38=9.9999999999999995475e-07
BrLen39=9.9999999999999995475e-07
BrLen40=9.9999999999999995475e-07
BrLen41=0.01266923841139018167
BrLen42=0.015905601479518038238
BrLen43=0.0030590787981747864788
BrLen44=0.0097926633290307280727
BrLen45=0.01885740372890616981
BrLen46=9.9999999999999995475e-07
BrLen47=9.9999999999999995475e-07
BrLen48=9.9999999999999995475e-07
BrLen49=0.012671965212831603348
BrLen50=0.0031465751158404860546
BrLen51=9.9999999999999995475e-07
BrLen52=9.9999999999999995475e-07
BrLen53=9.9999999999999995475e-07
BrLen54=9.9999999999999995475e-07
BrLen55=9.9999999999999995475e-07
BrLen56=9.9999999999999995475e-07
BrLen57=0.015805127255741055481
BrLen58=0.0064431120258715453286
BrLen59=0.006220219514090110681
BrLen60=0.043753859370948021412
BrLen61=0.0063718930485024589949
BrLen62=0.14109537035721680942
BrLen63=0.2355636261389214281
BrLen64=0.060442125782226532871
BrLen65=0.13790321262250521128
BrLen66=0.21766241023371499241
root.1_Full.theta=0.65087023985933400994
root.1_Full.theta1=0.62172252837045427487
root.1_Full.theta2=0.48513272796349543592
root.2_Full.theta=0.54301222248159608519
root.2_Full.theta1=0.44190288310887887446
root.2_Full.theta2=0.37560767476235840112
root.3_Full.theta=0.72122062418657195693
root.3_Full.theta1=0.49383750419544175658
root.3_Full.theta2=0.4553683045128115725
YNGP_M8.1_Full.theta_1=0.50314644490999271831
YNGP_M8.1_Full.theta1_1=0.55991992669141432692
YNGP_M8.1_Full.theta2_1=0.5762794865871682104
YNGP_M8.2_Full.theta_1=0.52239753894529239453
YNGP_M8.2_Full.theta1_1=0.51377555606058344928
YNGP_M8.2_Full.theta2_1=0.44802245836629461806
YNGP_M8.3_Full.theta_1=0.47312110237498072873
YNGP_M8.3_Full.theta1_1=0.55127858405161489497
YNGP_M8.3_Full.theta2_1=0.50440187426587679287
YNGP_M8.kappa_1=6.6141495948006898686
YNGP_M8.p_1=0.10429834545316486738
YNGP_M8.q_1=0.42503076005296491768
YNGP_M8.p0_1=0.99110674910880691701
YNGP_M8.omegas_1=2.2373457768499522835
