f(x)=6138.6014382383737029
BrLen0=0.0034183103652744963388
BrLen1=0.00055761387649742974633
BrLen2=0.0031944583964342858524
BrLen3=0.0011447886094534207718
BrLen4=9.9999999999999995475e-07
BrLen5=9.9999999999999995475e-07
BrLen6=9.9999999999999995475e-07
BrLen7=9.9999999999999995475e-07
BrLen8=9.9999999999999995475e-07
BrLen9=0.0081721902258225578852
BrLen10=0.010406055067766501604
BrLen11=9.9999999999999995475e-07
BrLen12=9.9999999999999995475e-07
BrLen13=0.0095536176506958708082
BrLen14=0.0093733140861022839346
BrLen15=0.0094558103349470703364
BrLen16=0.0059433106519950649679
BrLen17=9.9999999999999995475e-07
BrLen18=9.9999999999999995475e-07
BrLen19=9.9999999999999995475e-07
BrLen20=9.9999999999999995475e-07
BrLen21=0.023348551171917857061
BrLen22=0.016116779219854774491
BrLen23=9.9999999999999995475e-07
BrLen24=9.9999999999999995475e-07
BrLen25=0.034128714477659284621
BrLen26=0.1001410244787574455
BrLen27=9.9999999999999995475e-07
BrLen28=9.9999999999999995475e-07
BrLen29=0.055440522700719765958
BrLen30=9.9999999999999995475e-07
BrLen31=9.9999999999999995475e-07
BrLen32=0.043417950207184773104
BrLen33=0.062023250372251696738
BrLen34=9.9999999999999995475e-07
BrLen35=9.9999999999999995475e-07
BrLen36=0.041199028951172535218
BrLen37=0.0119493172918436006
BrLen38=0.0036752037585058021547
BrLen39=0.087206934660497933964
BrLen40=0.16472366373950220186
BrLen41=0.29832314775139751051
BrLen42=0.063770591209794821874
BrLen43=0.28247216195251101389
BrLen44=0.23304471272332674681
root.1_Full.theta=0.54632024923318733833
root.1_Full.theta1=0.64538119791262948954
root.1_Full.theta2=0.56180906858717138963
root.2_Full.theta=0.30780178199409713446
root.2_Full.theta1=0.58766414662789123735
root.2_Full.theta2=0.39428557141272618791
root.3_Full.theta=0.53658629178236627588
root.3_Full.theta1=0.50874945419216521802
root.3_Full.theta2=0.60239642990704378445
YNGP_M1.1_Full.theta_1=0.4586450083249280496
YNGP_M1.1_Full.theta1_1=0.57670995774481648155
YNGP_M1.1_Full.theta2_1=0.46752306030652140967
YNGP_M1.2_Full.theta_1=0.4829293235649373961
YNGP_M1.2_Full.theta1_1=0.57302864302038503119
YNGP_M1.2_Full.theta2_1=0.48616066095953952564
YNGP_M1.3_Full.theta_1=0.485374188806499407
YNGP_M1.3_Full.theta1_1=0.4938415386860096068
YNGP_M1.3_Full.theta2_1=0.53482412690214509166
YNGP_M1.kappa_1=3.4017547742262910226
YNGP_M1.p0_1=0.63802502690769502536
YNGP_M1.omega_1=0.14084984602184061342
