f(x)=10433.561366806812657
BrLen0=0.001965935519680229223
BrLen1=0.0029487658430408748497
BrLen2=9.9999999999999995475e-07
BrLen3=0.00098308525856854967959
BrLen4=9.9999999999999995475e-07
BrLen5=9.9999999999999995475e-07
BrLen6=9.9999999999999995475e-07
BrLen7=0.00098295254699188650861
BrLen8=0.0017421608271395775096
BrLen9=0.00098329403838445924788
BrLen10=0.0069103539918444426698
BrLen11=9.9999999999999995475e-07
BrLen12=9.9999999999999995475e-07
BrLen13=9.9999999999999995475e-07
BrLen14=9.9999999999999995475e-07
BrLen15=0.00098314648098619603078
BrLen16=0.00098378414780750747005
BrLen17=0.011857292364449566191
BrLen18=0.0039006270518045617693
BrLen19=0.010875310707198734481
BrLen20=0.019829349987179934606
BrLen21=0.027048557045007519395
BrLen22=0.0026220990943018572528
BrLen23=0.032144414827737340101
BrLen24=0.016733100744836554297
BrLen25=0.01583589015310349693
BrLen26=0.013857673841185391347
BrLen27=0.0019162212719024912608
BrLen28=0.002955470996442939851
BrLen29=0.00098157027179996379773
BrLen30=9.9999999999999995475e-07
BrLen31=9.9999999999999995475e-07
BrLen32=9.9999999999999995475e-07
BrLen33=0.0079117619859432174872
BrLen34=0.0059004111364855862248
BrLen35=0.0079330870919871992325
BrLen36=0.018578651375278400215
BrLen37=0.014588274885108854298
BrLen38=9.9999999999999995475e-07
BrLen39=9.9999999999999995475e-07
BrLen40=0.0091420193461826410736
BrLen41=0.0029607837486665404721
BrLen42=0.011159760692174666014
BrLen43=0.030691247151227687984
BrLen44=0.043065984189270788141
BrLen45=9.9999999999999995475e-07
BrLen46=9.9999999999999995475e-07
BrLen47=0.037897328032860735925
BrLen48=9.9999999999999995475e-07
BrLen49=9.9999999999999995475e-07
BrLen50=0.040021907510133340746
BrLen51=0.030780235032481777224
BrLen52=0.0040143762893371558523
BrLen53=0.0021316193942041029158
BrLen54=9.9999999999999995475e-07
BrLen55=9.9999999999999995475e-07
BrLen56=0.02856488379370766828
BrLen57=0.073521548619732424168
BrLen58=0.16568775088272461038
BrLen59=0.26314579506503360529
BrLen60=0.35828863383759584904
root.1_Full.theta=0.48574141478888316348
root.1_Full.theta1=0.55199963850462563375
root.1_Full.theta2=0.60047060067145874296
root.2_Full.theta=0.35546192831727890793
root.2_Full.theta1=0.54660957341478499938
root.2_Full.theta2=0.49582257072486640714
root.3_Full.theta=0.43928220687770641595
root.3_Full.theta1=0.50737674296488377568
root.3_Full.theta2=0.56582228358800357171
YNGP_M1.1_Full.theta_1=0.48568489601305619985
YNGP_M1.1_Full.theta1_1=0.54690191452344671941
YNGP_M1.1_Full.theta2_1=0.52496529575332007145
YNGP_M1.2_Full.theta_1=0.47309748549085473002
YNGP_M1.2_Full.theta1_1=0.48422005672966916823
YNGP_M1.2_Full.theta2_1=0.46104377368524113168
YNGP_M1.3_Full.theta_1=0.48862973985142016398
YNGP_M1.3_Full.theta1_1=0.47206930211905456796
YNGP_M1.3_Full.theta2_1=0.50691288133840761709
YNGP_M1.kappa_1=3.2531110573015626919
YNGP_M1.p0_1=0.63339822813754897979
YNGP_M1.omega_1=0.15398113367378937766
