f(x)=2913.2390055294704325
BrLen0=0.015213655121482712318
BrLen1=0.011434747099713326451
BrLen2=0.0037733164966997721074
BrLen3=9.9999999999999995475e-07
BrLen4=0.015206468509288511431
BrLen5=0.015476621370473835071
BrLen6=0.0082538456782051024263
BrLen7=0.011675776340040628157
BrLen8=0.0028341838960763013691
BrLen9=0.012402046601137145174
BrLen10=0.015792328833526558113
BrLen11=0.027625390871802678328
BrLen12=0.0077628237241029011961
BrLen13=9.9999999999999995475e-07
BrLen14=9.9999999999999995475e-07
BrLen15=0.011654799356276151351
BrLen16=9.9999999999999995475e-07
BrLen17=0.012666427426354917585
BrLen18=0.050910321220984780521
BrLen19=0.057106930579240988699
BrLen20=0.032991275605423739381
BrLen21=0.0034262775081489171836
BrLen22=0.015134900696687809615
BrLen23=9.9999999999999995475e-07
BrLen24=0.0073809181672443010744
BrLen25=0.0073678654507916231317
BrLen26=0.0074832518903052806791
BrLen27=9.9999999999999995475e-07
BrLen28=0.02592337341460044034
BrLen29=0.041230679772018642704
BrLen30=0.011281821089527712537
BrLen31=0.059711929382262059207
BrLen32=0.053243404479634978688
BrLen33=0.017750967924376501866
BrLen34=0.032230365640496326518
BrLen35=0.045403914585943450088
BrLen36=0.0092713158620141896543
BrLen37=0.045858355933502313595
BrLen38=0.11474715969612102329
BrLen39=0.14179453265283198382
BrLen40=0.11935613974314630836
BrLen41=0.1226653936719068333
BrLen42=0.11642651690797431452
BrLen43=0.0089003893927888117626
BrLen44=0.0058852850797556062815
root.1_Full.theta=0.49311221430720331149
root.1_Full.theta1=0.53460494102627431623
root.1_Full.theta2=0.58683558595125617785
root.2_Full.theta=0.38720244754772215057
root.2_Full.theta1=0.40308435346572962787
root.2_Full.theta2=0.35600379145110683243
root.3_Full.theta=0.83481309069895781594
root.3_Full.theta1=0.39897302779384452576
root.3_Full.theta2=0.37315703504669639479
YNGP_M7.1_Full.theta_1=0.40755546115112234462
YNGP_M7.1_Full.theta1_1=0.55844324112136300986
YNGP_M7.1_Full.theta2_1=0.55014881064168152935
YNGP_M7.2_Full.theta_1=0.64028990125156359792
YNGP_M7.2_Full.theta1_1=0.43974566253918867531
YNGP_M7.2_Full.theta2_1=0.3697311960423690369
YNGP_M7.3_Full.theta_1=0.74381064266138841035
YNGP_M7.3_Full.theta1_1=0.46866847896366375936
YNGP_M7.3_Full.theta2_1=0.31225897016441112042
YNGP_M7.kappa_1=4.9088280062855913499
YNGP_M7.p_1=0.00010000000000000000479
YNGP_M7.q_1=5.0611844740304858803
