f(x)=2511.0145103476093027
BrLen0=9.9999999999999995475e-07
BrLen1=9.9999999999999995475e-07
BrLen2=9.9999999999999995475e-07
BrLen3=0.0028762481060407439799
BrLen4=0.0086424385016918223168
BrLen5=9.9999999999999995475e-07
BrLen6=0.010639098915328777661
BrLen7=9.9999999999999995475e-07
BrLen8=9.9999999999999995475e-07
BrLen9=0.021292015131720215537
BrLen10=0.015482452850143473694
BrLen11=0.031156696283212544779
BrLen12=0.04527740284198900067
BrLen13=0.030704167073154944867
BrLen14=0.014302822408896768633
BrLen15=0.041425762443206143315
BrLen16=0.020039521507884072715
BrLen17=0.13128326693759514998
BrLen18=0.028010631463181476924
BrLen19=0.03562752682095428336
BrLen20=0.039734199354254665093
BrLen21=9.9999999999999995475e-07
BrLen22=9.9999999999999995475e-07
BrLen23=0.010801795476564521672
BrLen24=0.012820275766259374428
BrLen25=9.9999999999999995475e-07
BrLen26=9.9999999999999995475e-07
BrLen27=9.9999999999999995475e-07
BrLen28=9.9999999999999995475e-07
root.1_Full.theta=0.46008496842421331419
root.1_Full.theta1=0.47681966855517732284
root.1_Full.theta2=0.5380171166196070498
root.2_Full.theta=0.38357063382479000824
root.2_Full.theta1=0.57772738733339379369
root.2_Full.theta2=0.53545041644338042808
root.3_Full.theta=0.63732454539381544478
root.3_Full.theta1=0.48620356247791723936
root.3_Full.theta2=0.44971295869568272963
YNGP_M7.1_Full.theta_1=0.57206362460432835793
YNGP_M7.1_Full.theta1_1=0.55551914606915320238
YNGP_M7.1_Full.theta2_1=0.45239511130335374745
YNGP_M7.2_Full.theta_1=0.54688631334704307374
YNGP_M7.2_Full.theta1_1=0.72294193828734987228
YNGP_M7.2_Full.theta2_1=0.44258357567322031967
YNGP_M7.3_Full.theta_1=0.56859629523192711797
YNGP_M7.3_Full.theta1_1=0.55837897624930232787
YNGP_M7.3_Full.theta2_1=0.5310622663657689202
YNGP_M7.kappa_1=3.6413030040953286992
YNGP_M7.p_1=0.00010000000000000000479
YNGP_M7.q_1=0.12932637674624841706
