f(x)=10410.947224158659083
BrLen0=9.9999999999999995475e-07
BrLen1=9.9999999999999995475e-07
BrLen2=9.9999999999999995475e-07
BrLen3=9.9999999999999995475e-07
BrLen4=9.9999999999999995475e-07
BrLen5=9.9999999999999995475e-07
BrLen6=9.9999999999999995475e-07
BrLen7=9.9999999999999995475e-07
BrLen8=9.9999999999999995475e-07
BrLen9=0.0017206820523565805135
BrLen10=0.012158739166851287999
BrLen11=9.9999999999999995475e-07
BrLen12=9.9999999999999995475e-07
BrLen13=0.003038682529758626738
BrLen14=9.9999999999999995475e-07
BrLen15=9.9999999999999995475e-07
BrLen16=0.0038267484956165834058
BrLen17=0.023656360480344095637
BrLen18=0.018782918535559144785
BrLen19=0.0023859766832913112747
BrLen20=0.016125193408712497345
BrLen21=0.02055946619829343916
BrLen22=0.050126098539888398753
BrLen23=0.005552167265087728891
BrLen24=0.01315655072891239348
BrLen25=0.030351089772460215083
BrLen26=0.0032121923698432397996
BrLen27=0.002943502992327969546
BrLen28=0.00096243614842000100619
BrLen29=9.9999999999999995475e-07
BrLen30=9.9999999999999995475e-07
BrLen31=0.0078690312959348081984
BrLen32=0.0083858398327160219715
BrLen33=0.013730435954046361913
BrLen34=0.012222546362283447097
BrLen35=0.0029982686247623062392
BrLen36=0.0018569543880480805006
BrLen37=0.016345286167796100468
BrLen38=0.0063337284838858908323
BrLen39=0.024800099980868361288
BrLen40=0.037890002023938003373
BrLen41=0.059448116348282016574
BrLen42=0.070660999668483867597
BrLen43=0.031439852368816190165
BrLen44=0.039591451632680185746
BrLen45=0.0056648299894057245821
BrLen46=0.0054875036545768800245
BrLen47=0.054121287299936357562
BrLen48=0.11835620174216793243
BrLen49=0.34768767810861528345
BrLen50=0.37212357236455712028
root.1_Full.theta=0.50328146884624758162
root.1_Full.theta1=0.58864384428804616967
root.1_Full.theta2=0.56395572108957603419
root.2_Full.theta=0.38382738066788762987
root.2_Full.theta1=0.52702188584733988819
root.2_Full.theta2=0.48692793288199709423
root.3_Full.theta=0.43082903171618097682
root.3_Full.theta1=0.48672789501340218976
root.3_Full.theta2=0.54937306018310472222
YNGP_M1.1_Full.theta_1=0.48802596283158367063
YNGP_M1.1_Full.theta1_1=0.5377166016320595876
YNGP_M1.1_Full.theta2_1=0.4810361063005582638
YNGP_M1.2_Full.theta_1=0.48088527097833855262
YNGP_M1.2_Full.theta1_1=0.55533929308072960129
YNGP_M1.2_Full.theta2_1=0.49710640815978135443
YNGP_M1.3_Full.theta_1=0.49973004505309015499
YNGP_M1.3_Full.theta1_1=0.49186820412398035707
YNGP_M1.3_Full.theta2_1=0.4951192024793901747
YNGP_M1.kappa_1=3.2477508054941099935
YNGP_M1.p0_1=0.51932310172168993923
YNGP_M1.omega_1=0.068755105429793766936
