f(x)=6872.911568085331055
BrLen0=0.0013805489451061796202
BrLen1=0.0072675034131947768151
BrLen2=9.9999999999999995475e-07
BrLen3=0.0049599678643335700159
BrLen4=0.0018295515383337909634
BrLen5=9.9999999999999995475e-07
BrLen6=0.0023914934739238100959
BrLen7=9.9999999999999995475e-07
BrLen8=9.9999999999999995475e-07
BrLen9=9.9999999999999995475e-07
BrLen10=9.9999999999999995475e-07
BrLen11=0.0011953697993167026158
BrLen12=0.00023658099267953038806
BrLen13=0.0013412171947224068354
BrLen14=0.00094575018714214257893
BrLen15=9.9999999999999995475e-07
BrLen16=9.9999999999999995475e-07
BrLen17=0.0083969006940037786008
BrLen18=0.0011974834177112287249
BrLen19=9.9999999999999995475e-07
BrLen20=9.9999999999999995475e-07
BrLen21=0.0023889978970928708174
BrLen22=0.011370199047176954288
BrLen23=0.016498978494888925928
BrLen24=0.0028473727063021685851
BrLen25=0.01920553162102315789
BrLen26=0.012889080095560528916
BrLen27=0.0026797035171644582527
BrLen28=0.0049672711305426319253
BrLen29=0.0011967218100837045264
BrLen30=9.9999999999999995475e-07
BrLen31=0.0035792896392745979228
BrLen32=0.0023854287246989624993
BrLen33=9.9999999999999995475e-07
BrLen34=0.0011930540448181960623
BrLen35=9.9999999999999995475e-07
BrLen36=9.9999999999999995475e-07
BrLen37=9.9999999999999995475e-07
BrLen38=0.0013381438779749162647
BrLen39=9.9999999999999995475e-07
BrLen40=0.0023861623856675923117
BrLen41=0.0076978220266467750621
BrLen42=0.012768405626487920601
BrLen43=0.0060082623762378797178
BrLen44=0.0033558060771688748292
BrLen45=0.0027313370447657778044
BrLen46=0.0011699415882871044402
BrLen47=0.0098984934004679395875
BrLen48=0.014266657349710061553
BrLen49=0.0028912923911168278944
BrLen50=0.003733752860605402818
BrLen51=0.016108981120565385448
BrLen52=0.023001610997055062235
BrLen53=0.024469217800401340396
BrLen54=0.02921209769945815396
BrLen55=9.9999999999999995475e-07
BrLen56=9.9999999999999995475e-07
BrLen57=0.014566605773497498522
BrLen58=9.9999999999999995475e-07
BrLen59=0.012021590608454800833
BrLen60=0.0034380336894374364555
BrLen61=0.043713888904305261973
BrLen62=0.062213958904573117559
BrLen63=0.10060049727516581775
BrLen64=0.029348895134152605535
BrLen65=0.097277084636781765981
BrLen66=0.049914976027535050418
BrLen67=9.9999999999999995475e-07
BrLen68=9.9999999999999995475e-07
root.1_Full.theta=0.46126056570245133059
root.1_Full.theta1=0.58753152912837480759
root.1_Full.theta2=0.54819675190209249394
root.2_Full.theta=0.36956131567827049667
root.2_Full.theta1=0.55510455704044547875
root.2_Full.theta2=0.36905801242642433113
root.3_Full.theta=0.33555380221659425466
root.3_Full.theta1=0.52651803475703962132
root.3_Full.theta2=0.54743423375695232647
YNGP_M8.1_Full.theta_1=0.50854105107052227641
YNGP_M8.1_Full.theta1_1=0.59048883064069224158
YNGP_M8.1_Full.theta2_1=0.54556179509782265491
YNGP_M8.2_Full.theta_1=0.53434980864454906246
YNGP_M8.2_Full.theta1_1=0.49255264599646786383
YNGP_M8.2_Full.theta2_1=0.3525525558161458628
YNGP_M8.3_Full.theta_1=0.38019694327522579602
YNGP_M8.3_Full.theta1_1=0.47247020591421212687
YNGP_M8.3_Full.theta2_1=0.49178179705079622108
YNGP_M8.kappa_1=3.5901429489354619307
YNGP_M8.p_1=0.00010000000000000000479
YNGP_M8.q_1=2.0988191948726431235
YNGP_M8.p0_1=0.95172676002795075778
YNGP_M8.omegas_1=1.0000000000010000889
