f(x)=4755.8213830867061915
BrLen0=0.0021202664151605925269
BrLen1=0.0368874956851758945
BrLen2=9.9999999999999995475e-07
BrLen3=0.0044152952441932052235
BrLen4=9.9999999999999995475e-07
BrLen5=9.9999999999999995475e-07
BrLen6=0.0021204302170024194769
BrLen7=9.9999999999999995475e-07
BrLen8=9.9999999999999995475e-07
BrLen9=0.0042435373126849564029
BrLen10=9.9999999999999995475e-07
BrLen11=0.002122466541759641858
BrLen12=9.9999999999999995475e-07
BrLen13=0.0053268031917835289082
BrLen14=0.0072261424153626969968
BrLen15=0.0053122967320921848228
BrLen16=0.004936506553335979694
BrLen17=9.9999999999999995475e-07
BrLen18=0.0025999375731341105647
BrLen19=0.022799930589623981086
BrLen20=0.0065746976736062515134
BrLen21=0.012810300406873205425
BrLen22=0.0042462982997103050978
BrLen23=9.9999999999999995475e-07
BrLen24=0.0021183751765951205036
BrLen25=0.011009257865481429303
BrLen26=0.0021263203606714823832
BrLen27=0.0076707766806779174862
BrLen28=0.013846349218814777912
BrLen29=0.019030482973332006613
BrLen30=0.013613877222157443406
BrLen31=0.011155838460871696227
BrLen32=0.0026302872210027328573
BrLen33=0.0042384285541233069489
BrLen34=9.9999999999999995475e-07
BrLen35=0.0037324045188738197085
BrLen36=0.0042571240846484819514
BrLen37=0.0050660085432876738459
BrLen38=9.9999999999999995475e-07
BrLen39=0.0046277075703999668438
BrLen40=0.021665491240050814559
BrLen41=0.00061910562933186505212
BrLen42=0.0014837529025696000792
BrLen43=9.9999999999999995475e-07
BrLen44=9.9999999999999995475e-07
BrLen45=0.0021806545246765159617
BrLen46=9.9999999999999995475e-07
BrLen47=9.9999999999999995475e-07
BrLen48=0.0071838872228460054492
BrLen49=0.006396932562865886851
BrLen50=0.0057922634310887928868
BrLen51=0.0066810285744086659113
BrLen52=0.035610132687187587286
BrLen53=0.039916012277609248804
BrLen54=0.030090455170881633823
BrLen55=0.0082726296991517522111
BrLen56=0.026593301105107623739
BrLen57=0.027392622158958337963
BrLen58=0.004228626980388761579
BrLen59=0.061713318044645144866
BrLen60=0.10491087625888018131
BrLen61=0.23906808615708954879
BrLen62=0.074111102443082235713
BrLen63=0.19266152348918705317
BrLen64=0.12782069987437830183
BrLen65=0.023809035539061509934
BrLen66=0.010484014484862930888
root.1_Full.theta=0.45708478689159109942
root.1_Full.theta1=0.54582802060583468506
root.1_Full.theta2=0.59602290392307266664
root.2_Full.theta=0.42739928861803377913
root.2_Full.theta1=0.38754473814461487535
root.2_Full.theta2=0.46892795228304151589
root.3_Full.theta=0.53368159006695337077
root.3_Full.theta1=0.38460170725075126796
root.3_Full.theta2=0.40781929647248804649
YNGP_M7.1_Full.theta_1=0.5124521701059621126
YNGP_M7.1_Full.theta1_1=0.50357239230285766318
YNGP_M7.1_Full.theta2_1=0.5347508376891434434
YNGP_M7.2_Full.theta_1=0.47845636834974136775
YNGP_M7.2_Full.theta1_1=0.40695325327770309753
YNGP_M7.2_Full.theta2_1=0.47667938860965364256
YNGP_M7.3_Full.theta_1=0.50566519291062927977
YNGP_M7.3_Full.theta1_1=0.37187952944534086175
YNGP_M7.3_Full.theta2_1=0.43301414127090187556
YNGP_M7.kappa_1=3.6012967410451421912
YNGP_M7.p_1=0.00010000000000000000479
YNGP_M7.q_1=0.3498706515478471335
